<?xml version="1.0"?>
<opencv_storage>
<Rcg type_id="opencv-matrix">
  <rows>3</rows>
  <cols>3</cols>
  <dt>d</dt>
  <data>
    -3.5698165273401306e-02 8.4423299967080412e-01
    -5.3478620332142890e-01 9.9926869142730401e-01
    2.2817385360375475e-02 -3.0683045130485587e-02
    -1.3701216342947187e-02 -5.3549043800253970e-01
    -8.4443014363449387e-01</data></Rcg>
<tcg type_id="opencv-matrix">
  <rows>3</rows>
  <cols>1</cols>
  <dt>d</dt>
  <data>
    1.6702582527244498e+00 -4.3938583063631485e-02
    1.2819274221822976e+00</data></tcg>
</opencv_storage>

<-- dual arm method
   -0.03513    0.847821    -0.52912     1.66085
   0.999358   0.0261495  -0.0244511   -0.052252
-0.00689409   -0.529639   -0.848195     1.31636
          0           0           0           1
-->
