<?xml version="1.0"?>
<opencv_storage>
<Rcg type_id="opencv-matrix">
  <rows>3</rows>
  <cols>3</cols>
  <dt>d</dt>
  <data>
    9.9999182276709764e-01 -2.5015706196520101e-03
    -3.1775058414804393e-03 2.4858905285792821e-03
    9.9998476195823494e-01 -4.9291175287571806e-03
    3.1897879581044689e-03 4.9211782905393027e-03 9.9998280348064750e-01</data></Rcg>
<tcg type_id="opencv-matrix">
  <rows>3</rows>
  <cols>1</cols>
  <dt>d</dt>
  <data>
    -3.6770868325372012e-02 -7.5690552499139668e-02
    -2.5302551302136194e-02</data></tcg>
</opencv_storage>
