<?xml version="1.0"?>
<opencv_storage>
<Rcg type_id="opencv-matrix">
  <rows>3</rows>
  <cols>3</cols>
  <dt>d</dt>
  <data>
    9.9992836081478820e-01 -1.0970851218888496e-02
    4.7868216787080630e-03 1.0987045550628067e-02 9.9993396168863158e-01
    -3.3700284489315167e-03 -4.7495334843709299e-03
    3.4223800506659940e-03 9.9998286447642171e-01</data></Rcg>
<tcg type_id="opencv-matrix">
  <rows>3</rows>
  <cols>1</cols>
  <dt>d</dt>
  <data>
    -2.9788860584376835e-02 -6.7148906604981767e-02
    -7.8518846097873782e-02</data></tcg>
</opencv_storage>
