<?xml version="1.0"?>
<opencv_storage>
<R type_id="opencv-matrix">
  <rows>3</rows>
  <cols>3</cols>
  <dt>d</dt>
  <data>
    7.0090857319894950e-01 3.9882352011592669e-03 7.1323997784489979e-01
    1.5287057767010561e-03 9.9997366987096203e-01
    -7.0938440530047995e-03 -7.1324949006281180e-01
    6.0624701879930789e-03 7.0088402134758254e-01</data></R>
<t type_id="opencv-matrix">
  <rows>3</rows>
  <cols>1</cols>
  <dt>d</dt>
  <data>
    -4.8725796468388866e-01 7.1930562805895624e-04
    1.4527326926225417e-01</data></t>
<R1 type_id="opencv-matrix">
  <rows>3</rows>
  <cols>3</cols>
  <dt>d</dt>
  <data>
    8.7547454380195799e-01 6.7518008939766727e-04 4.8326376574972030e-01
    1.0142200708511231e-03 9.9999425477820603e-01
    -3.2344656789166358e-03 -4.8326317313902734e-01
    3.3218281754310939e-03 8.7546882922533087e-01</data></R1>
<R2 type_id="opencv-matrix">
  <rows>3</rows>
  <cols>3</cols>
  <dt>d</dt>
  <data>
    9.5831334372180454e-01 -1.4146924864127930e-03
    -2.8571582716031563e-01 2.3921376014628790e-03
    9.9999242003964273e-01 3.0720580974613674e-03 2.8570931542816408e-01
    -3.6274658409691084e-03 9.5830946388374072e-01</data></R2>
<P1 type_id="opencv-matrix">
  <rows>3</rows>
  <cols>4</cols>
  <dt>d</dt>
  <data>
    1.7333121233364139e+02 0. 2.2540207290649414e+02 0. 0.
    1.7333121233364139e+02 1.0505168151855469e+03 0. 0. 0. 1. 0.</data></P1>
<P2 type_id="opencv-matrix">
  <rows>3</rows>
  <cols>4</cols>
  <dt>d</dt>
  <data>
    1.7333121233364139e+02 0. 2.2540207290649414e+02
    -8.8130896111573563e+01 0. 1.7333121233364139e+02
    1.0505168151855469e+03 0. 0. 0. 1. 0.</data></P2>
<Q type_id="opencv-matrix">
  <rows>4</rows>
  <cols>4</cols>
  <dt>d</dt>
  <data>
    1. 0. 0. -2.2540207290649414e+02 0. 1. 0. -1.0505168151855469e+03 0.
    0. 0. 1.7333121233364139e+02 0. 0. 1.9667474175481479e+00 0.</data></Q>
</opencv_storage>
